0 0.1072972972972973 0.07540540540540541 0.002702702702702703 0.002702702702702703
0 0.10864864864864865 0.08189189189189189 0.002702702702702703 0.002702702702702703
0 0.11756756756756757 0.07405405405405406 0.002702702702702703 0.002702702702702703
0 0.10945945945945947 0.08378378378378379 0.002702702702702703 0.002702702702702703
0 0.13297297297297297 0.10837837837837838 0.002702702702702703 0.002702702702702703
0 0.12027027027027028 0.10324324324324324 0.002702702702702703 0.002702702702702703
0 0.13162162162162164 0.11594594594594594 0.002702702702702703 0.002702702702702703
0 0.10918918918918918 0.10405405405405406 0.002702702702702703 0.002702702702702703
0 0.10648648648648648 0.11243243243243244 0.002702702702702703 0.002702702702702703
0 0.10432432432432433 0.12594594594594594 0.002702702702702703 0.002702702702702703
0 0.09351351351351352 0.12837837837837837 0.002702702702702703 0.002702702702702703
0 0.09864864864864865 0.11162162162162162 0.002702702702702703 0.002702702702702703
0 0.07756756756756757 0.12486486486486487 0.002702702702702703 0.002702702702702703
0 0.07270270270270271 0.11135135135135135 0.002702702702702703 0.002702702702702703
0 0.08567567567567567 0.09054054054054055 0.002702702702702703 0.002702702702702703
0 0.08891891891891893 0.09162162162162163 0.002702702702702703 0.002702702702702703
0 0.07027027027027027 0.06675675675675675 0.002702702702702703 0.002702702702702703
0 0.08756756756756758 0.07513513513513513 0.002702702702702703 0.002702702702702703
0 0.08972972972972973 0.0827027027027027 0.002702702702702703 0.002702702702702703
0 0.09756756756756757 0.07945945945945947 0.002702702702702703 0.002702702702702703
1 0.12432432432432433 0.09054054054054055 0.002702702702702703 0.002702702702702703
1 0.09864864864864865 0.11945945945945946 0.002702702702702703 0.002702702702702703
1 0.07270270270270271 0.09513513513513513 0.002702702702702703 0.002702702702702703
2 0.09135135135135135 0.07378378378378378 0.002702702702702703 0.002702702702702703
2 0.10054054054054054 0.06594594594594595 0.002702702702702703 0.002702702702702703
2 0.10567567567567568 0.07135135135135136 0.002702702702702703 0.002702702702702703
2 0.11 0.11054054054054054 0.002702702702702703 0.002702702702702703
2 0.08675675675675676 0.11243243243243244 0.002702702702702703 0.002702702702702703
