0 0.09216216216216216 0.05189189189189189 0.002702702702702703 0.002702702702702703
0 0.09945945945945946 0.07567567567567568 0.002702702702702703 0.002702702702702703
0 0.11054054054054054 0.0718918918918919 0.002702702702702703 0.002702702702702703
0 0.10594594594594595 0.08054054054054054 0.002702702702702703 0.002702702702702703
0 0.11594594594594594 0.07675675675675676 0.002702702702702703 0.002702702702702703
0 0.14405405405405405 0.07540540540540541 0.002702702702702703 0.002702702702702703
0 0.13324324324324324 0.09648648648648649 0.002702702702702703 0.002702702702702703
0 0.12135135135135135 0.09891891891891892 0.002702702702702703 0.002702702702702703
0 0.12783783783783784 0.10270270270270271 0.002702702702702703 0.002702702702702703
0 0.12351351351351351 0.11081081081081082 0.002702702702702703 0.002702702702702703
0 0.12378378378378378 0.10837837837837838 0.002702702702702703 0.002702702702702703
0 0.11918918918918919 0.11189189189189189 0.002702702702702703 0.002702702702702703
0 0.11810810810810811 0.11432432432432432 0.002702702702702703 0.002702702702702703
0 0.12162162162162163 0.13675675675675675 0.002702702702702703 0.002702702702702703
0 0.10756756756756757 0.11054054054054054 0.002702702702702703 0.002702702702702703
0 0.10351351351351351 0.11243243243243244 0.002702702702702703 0.002702702702702703
0 0.09621621621621622 0.13486486486486488 0.002702702702702703 0.002702702702702703
0 0.08783783783783784 0.13513513513513514 0.002702702702702703 0.002702702702702703
0 0.09 0.12567567567567567 0.002702702702702703 0.002702702702702703
0 0.08675675675675676 0.1254054054054054 0.002702702702702703 0.002702702702702703
0 0.09324324324324325 0.11108108108108108 0.002702702702702703 0.002702702702702703
0 0.04756756756756757 0.13216216216216217 0.002702702702702703 0.002702702702702703
0 0.05405405405405406 0.11729729729729729 0.002702702702702703 0.002702702702702703
0 0.07945945945945947 0.10027027027027027 0.002702702702702703 0.002702702702702703
0 0.07405405405405406 0.09756756756756757 0.002702702702702703 0.002702702702702703
0 0.055945945945945944 0.09162162162162163 0.002702702702702703 0.002702702702702703
0 0.07243243243243243 0.09324324324324325 0.002702702702702703 0.002702702702702703
0 0.0772972972972973 0.09054054054054055 0.002702702702702703 0.002702702702702703
0 0.06351351351351352 0.07648648648648648 0.002702702702702703 0.002702702702702703
0 0.08216216216216217 0.07810810810810812 0.002702702702702703 0.002702702702702703
0 0.0681081081081081 0.05945945945945946 0.002702702702702703 0.002702702702702703
0 0.09027027027027028 0.07432432432432433 0.002702702702702703 0.002702702702702703
0 0.10810810810810811 0.10432432432432433 0.002702702702702703 0.002702702702702703
0 0.08702702702702703 0.11297297297297297 0.002702702702702703 0.002702702702702703
0 0.08513513513513514 0.10567567567567568 0.002702702702702703 0.002702702702702703
0 0.09135135135135135 0.09972972972972974 0.002702702702702703 0.002702702702702703
1 0.14594594594594595 0.08432432432432432 0.002702702702702703 0.002702702702702703
1 0.10783783783783783 0.14324324324324325 0.002702702702702703 0.002702702702702703
1 0.09864864864864865 0.11486486486486487 0.002702702702702703 0.002702702702702703
1 0.06378378378378378 0.13486486486486488 0.002702702702702703 0.002702702702702703
1 0.07405405405405406 0.08810810810810811 0.002702702702702703 0.002702702702702703
1 0.08648648648648649 0.06486486486486487 0.002702702702702703 0.002702702702702703
1 0.09297297297297298 0.05972972972972973 0.002702702702702703 0.002702702702702703
2 0.13837837837837838 0.08675675675675676 0.002702702702702703 0.002702702702702703
2 0.13405405405405404 0.08891891891891893 0.002702702702702703 0.002702702702702703
2 0.1308108108108108 0.11027027027027027 0.002702702702702703 0.002702702702702703
2 0.11081081081081082 0.14162162162162162 0.002702702702702703 0.002702702702702703
2 0.0627027027027027 0.11675675675675676 0.002702702702702703 0.002702702702702703
2 0.06837837837837837 0.08162162162162162 0.002702702702702703 0.002702702702702703
2 0.08135135135135135 0.06 0.002702702702702703 0.002702702702702703
2 0.09675675675675675 0.07756756756756757 0.002702702702702703 0.002702702702702703
