0 0.09432432432432433 0.04810810810810811 0.002702702702702703 0.002702702702702703
0 0.10837837837837838 0.07081081081081081 0.002702702702702703 0.002702702702702703
0 0.10351351351351351 0.08081081081081082 0.002702702702702703 0.002702702702702703
0 0.1254054054054054 0.07567567567567568 0.002702702702702703 0.002702702702702703
0 0.1318918918918919 0.08162162162162162 0.002702702702702703 0.002702702702702703
0 0.11864864864864864 0.08810810810810811 0.002702702702702703 0.002702702702702703
0 0.12837837837837837 0.11648648648648649 0.002702702702702703 0.002702702702702703
0 0.11108108108108108 0.11108108108108108 0.002702702702702703 0.002702702702702703
0 0.10486486486486486 0.11675675675675676 0.002702702702702703 0.002702702702702703
0 0.09972972972972974 0.1245945945945946 0.002702702702702703 0.002702702702702703
0 0.09108108108108108 0.12972972972972974 0.002702702702702703 0.002702702702702703
0 0.09 0.13567567567567568 0.002702702702702703 0.002702702702702703
0 0.07216216216216216 0.10162162162162162 0.002702702702702703 0.002702702702702703
0 0.08054054054054054 0.09783783783783784 0.002702702702702703 0.002702702702702703
0 0.07621621621621621 0.09297297297297298 0.002702702702702703 0.002702702702702703
0 0.056486486486486485 0.08540540540540541 0.002702702702702703 0.002702702702702703
0 0.05756756756756757 0.07783783783783783 0.002702702702702703 0.002702702702702703
0 0.06243243243243243 0.05081081081081081 0.002702702702702703 0.002702702702702703
0 0.0891891891891892 0.05783783783783784 0.002702702702702703 0.002702702702702703
0 0.08567567567567567 0.07567567567567568 0.002702702702702703 0.002702702702702703
0 0.09081081081081081 0.07216216216216216 0.002702702702702703 0.002702702702702703
0 0.09081081081081081 0.06486486486486487 0.002702702702702703 0.002702702702702703
0 0.09756756756756757 0.07081081081081081 0.002702702702702703 0.002702702702702703
1 0.09918918918918919 0.0654054054054054 0.002702702702702703 0.002702702702702703
1 0.11945945945945946 0.09567567567567568 0.002702702702702703 0.002702702702702703
1 0.12216216216216216 0.10837837837837838 0.002702702702702703 0.002702702702702703
1 0.10108108108108109 0.11648648648648649 0.002702702702702703 0.002702702702702703
1 0.08810810810810811 0.1254054054054054 0.002702702702702703 0.002702702702702703
1 0.08054054054054054 0.11702702702702703 0.002702702702702703 0.002702702702702703
1 0.07270270270270271 0.09162162162162163 0.002702702702702703 0.002702702702702703
1 0.07567567567567568 0.07810810810810812 0.002702702702702703 0.002702702702702703
1 0.06918918918918919 0.07297297297297298 0.002702702702702703 0.002702702702702703
2 0.09135135135135135 0.050540540540540545 0.002702702702702703 0.002702702702702703
2 0.13837837837837838 0.11891891891891893 0.002702702702702703 0.002702702702702703
2 0.10621621621621621 0.09513513513513513 0.002702702702702703 0.002702702702702703
2 0.10351351351351351 0.10378378378378378 0.002702702702702703 0.002702702702702703
2 0.11459459459459459 0.13675675675675675 0.002702702702702703 0.002702702702702703
2 0.08189189189189189 0.07324324324324324 0.002702702702702703 0.002702702702702703
